1.55533 0.649753
1.2716 1.63103
0.912314 2.87527
0.898307 9.28336
0.433459 10.2468
1.99533 11.3481
1.07724 14.4685
-0.790992 17.1331
0.319362 16.6883
0.484797 0.891548
0.966672 -0.177137
4.14972 1.46009
2.58709 1.00572
1.58583 10.3143
2.70963 10.4483
0.787228 11.2819
0.442722 15.6081
6.24671 15.4776
3.96084 18.0841
-0.596039 15.8693
3.63477 0.430992
3.82232 2.52356
4.75297 3.35163
7.96899 5.33206
3.78388 10.5321
3.02237 11.523
6.50673 13.4541
5.76357 14.4367
4.81316 18.8213
3.69732 19.0854
7.75177 0.00431564
7.66022 3.42424
6.58498 6.043
9.01741 5.18079
8.56964 6.33148
4.1199 11.698
7.07044 14.6809
7.52003 13.6792
4.67408 0.0557935
8.08123 18.9887
8.69107 0.550678
8.65432 4.07978
9.63292 6.20674
8.16734 7.45902
7.44547 6.62116
7.71225 11.6094
8.67776 13.57
7.8733 12.6948
9.00245 19.4783
7.60614 1.23282
9.83389 0.876808
11.0538 1.05573
10.6496 5.68614
10.538 7.08604
13.9015 5.68896
8.27769 10.1533
12.2687 14.2555
12.8877 15.2287
10.1495 -0.318738
9.07946 18.4394
10.8755 2.16798
14.622 4.06578
14.8789 5.11655
12.8333 6.87336
13.8864 7.01787
15.1013 11.5847
15.0548 13.5848
13.4617 14.1915
13.9672 15.5364
13.2844 16.4366
14.0705 2.19872
13.5155 4.70611
15.8191 5.75038
14.8809 6.34241
14.904 7.54566
15.659 10.1921
16.2253 11.3787
14.488 14.529
14.7816 16.3402
14.2006 17.2197
19.3856 1.06324
0.730682 4.13781
15.8035 4.6377
17.3091 7.17753
-0.548336 10.6903
18.3449 11.0819
17.3344 12.0475
15.9323 12.7129
0.36987 18.8919
19.8335 -0.0161176
0.227772 2.05914
19.0531 2.06786
16.8495 5.50768
15.8266 6.93195
-0.309602 9.24737
18.5974 9.97658
17.4785 10.4408
19.9188 14.713
0.663186 17.8637
18.7739 0.169263
