7.30136 1.33328
9.95966 3.08119
8.81351 2.66423
7.48276 2.51786
5.25365 1.82699
4.01088 5.45118
5.05864 4.72429
2.69115 8.31845
-5.15297 13.1202
-3.40452 18.5475
-0.565523 17.5515
-4.2397 20.3594
-2.36662 18.8636
-3.37474 19.6093
-2.21674 20.0228
7.282 35.4367
5.03429 36.3133
3.98252 36.9095
5.73923 39.244
1.71243 -3.83672
8.41868 1.58902
6.46776 2.22264
5.59162 -2.47776
4.74915 -1.81815
11.1026 4.55178
6.76928 3.32699
11.8621 2.80793
5.47871 6.99037
4.62469 7.5457
3.78568 8.36392
4.42095 6.53104
-4.79294 17.1418
-2.62724 17.8215
-4.39901 19.2297
-1.70479 14.7905
-4.84514 21.5629
-3.14359 20.7245
6.38574 34.8851
6.28664 29.4975
4.95096 37.4746
2.91314 37.3336
5.90311 37.0583
5.00453 -0.499786
3.74843 -2.48989
8.44045 -3.42222
8.2085 5.88876
7.06111 4.36373
7.95901 3.54104
6.18719 5.17626
6.56211 7.23465
5.68911 8.0661
5.2687 5.87354
3.62353 7.28209
4.96001 10.0043
-2.0504 15.8971
-1.33145 19.3418
-0.461158 18.6409
-6.05597 20.6767
8.44948 28.9511
8.89346 30.8166
7.37357 29.1121
7.07743 30.2415
9.70944 41.9047
5.7305 38.1773
7.5954 41.1633
5.62771 -3.53344
5.72299 -1.3995
6.76742 -3.70751
7.21426 5.52095
7.60275 7.71745
6.26104 6.241
6.82997 8.4411
6.00622 10.3626
5.81865 9.14584
4.76093 8.77665
12.1092 19.592
12.368 22.5832
-0.972657 15.8371
2.77285 27.422
9.21956 29.7816
10.4664 29.4753
9.5823 28.7301
8.10857 30.0239
7.8067 31.0693
10.5954 41.2123
8.67714 41.6225
7.79072 42.2797
9.588 40.8285
7.11655 0.234651
8.21878 0.56495
7.40977 6.62604
9.46574 6.27597
8.39986 7.03613
6.04531 4.15349
10.3715 5.45747
13.8824 17.0355
12.787 17.2704
12.9162 20.3518
13.1776 19.1835
12.1872 24.9048
12.3442 23.6782
11.6322 29.388
11.1821 30.3562
8.49715 31.8738
9.96478 32.6605
12.0995 42.4431
10.8137 42.3676
10.0097 43.1357
7.9564 43.4881
8.91651 42.6644
6.94947 -0.885606
4.60784 -2.97309
22.4421 -2.95571
12.9869 3.15955
9.23265 5.14231
8.72382 8.05394
6.9316 9.46916
13.4119 18.1207
12.394 18.4775
12.5418 21.3564
13.7263 21.0866
16.8254 21.0818
11.2638 24.1485
13.1942 24.4283
9.56659 31.6259
10.0314 30.5188
10.6552 31.4275
14.2481 3.57441
13.7644 2.39984
9.05344 43.8272
10.281 0.18907
6.72747 41.9476
14.8108 2.25592
12.3431 4.98896
14.311 4.70093
11.7032 6.79424
10.6699 6.43453
9.57451 7.45034
11.5045 5.70501
7.84253 8.7723
15.6738 21.4887
14.6762 21.9029
17.0834 20.0624
13.5147 22.2642
13.0663 25.6082
11.0023 25.2569
12.0239 26.0418
11.3234 22.8823
11.6433 28.2824
12.5137 -0.510741
10.3756 40.0815
11.2046 -0.535016
13.324 0.353336
14.4702 5.79321
12.1054 3.83772
12.5673 6.06007
13.4976 5.47387
9.73063 8.52909
11.7288 7.9862
8.8923 9.15265
15.0656 19.6758
14.6385 17.7681
14.8073 20.8394
15.5005 22.5587
16.5113 22.1575
15.4387 23.6725
14.1055 25.0961
12.9505 26.7493
11.903 27.2112
13.7907 28.4555
12.6832 28.9591
13.5632 1.37102
12.4159 0.988552
9.38693 0.897468
11.3929 0.534737
14.0151 11.2582
13.7612 6.59253
14.7881 7.25445
12.7246 7.16185
8.03345 9.89098
9.06261 10.3085
12.0628 11.4776
14.0134 20.0212
14.2033 18.8887
16.175 19.2645
15.9106 20.3821
14.8403 26.79
14.481 22.9963
13.2855 23.2751
13.9613 26.1922
14.2047 24.0198
12.8376 27.8236
21.8988 37.6027
21.2215 38.4016
21.607 42.529
12.7265 2.13399
12.2255 30.3487
14.8461 9.40724
8.27819 12.132
13.6751 7.72054
14.0073 10.1228
9.99468 9.63912
8.14835 10.9871
10.0883 10.7059
12.0371 10.3457
16.3422 18.1336
17.3114 18.6649
15.3033 18.6155
17.4289 22.7126
16.5389 23.2989
21.3258 41.4704
13.9307 27.3199
14.9897 27.9202
22.5796 42.0824
24.0852 38.4714
21.3888 35.4408
22.5951 35.7959
24.0836 37.416
23.2233 39.1821
15.0156 10.7741
15.5017 5.08993
12.9938 10.8627
12.8 8.33691
13.7739 9.01051
10.627 7.69361
11.0575 9.8806
12.9532 9.72249
11.0486 10.9904
5.22388 11.0966
26.1609 16.0853
15.1476 24.8
23.2901 30.9496
22.1656 33.6609
24.1425 33.2314
21.2983 34.3909
23.1862 33.9951
22.9299 36.8119
20.1058 41.3331
21.7575 36.5352
22.229 38.6771
20.464 42.3642
25.097 -6.07513
6.20563 11.4636
14.8492 8.33642
10.0651 12.0014
12.0119 9.08555
10.9447 8.82306
26.4394 12.8718
7.30402 11.6591
9.14489 11.4329
26.9695 14.9795
26.7207 13.9373
26.088 17.2818
29.15 15.607
21.7293 32.5973
23.8921 32.2084
21.0804 33.3807
23.4818 35.0863
25.2282 33.6594
25.6943 31.6888
27.8106 36.4075
24.5454 35.471
23.2776 40.2607
24.8592 36.5508
23.8268 -1.34896
28.9787 -3.25362
27.9486 -3.44238
27.6653 -4.58592
28.3401 12.3683
31.6509 13.2131
28.6286 13.4159
28.0531 15.2916
27.7931 14.2177
26.7438 18.1178
30.6385 17.1537
20.6113 32.3573
22.7422 31.8845
23.0846 32.9548
25.3944 34.7171
24.9524 32.5183
22.3662 34.8014
23.832 36.223
28.7896 36.8065
29.0338 37.8466
25.8002 36.9904
23.1321 37.9843
26.7788 -7.93823
27.0746 -2.73618
24.5527 -3.37167
29.8398 -3.95817
29.4585 12.7179
31.1143 15.1817
7.01575 12.7021
29.6167 13.7561
27.2265 16.2058
28.6578 17.3742
29.719 17.8728
30.3692 16.082
25.5156 30.6138
20.7439 37.1121
26.2796 33.9725
35.5552 33.7019
24.336 34.28
25.9755 32.9283
28.8324 39.6335
22.2579 39.7953
28.0015 37.5308
26.211 38.031
23.7558 -2.60113
24.1981 -4.47077
24.699 -2.06929
30.4887 13.1002
7.07257 10.5957
30.7507 14.1077
32.3986 12.3126
30.0151 14.8564
27.5573 13.1802
29.5817 16.791
27.5651 17.3474
28.2445 18.3949
24.6701 31.3476
27.6763 31.1067
27.9136 32.1564
26.8545 31.9422
26.4422 35.0547
29.6145 38.8998
30.4543 38.1172
26.9935 37.1511
25.6156 35.7773
25.2051 -5.05252
25.5292 -3.86998
31.885 14.2948
25.6979 -2.74957
35.6274 12.1257
33.6441 12.4319
28.8365 14.5822
31.5561 16.2733
33.8744 13.6221
36.6133 19.4785
33.3186 15.6959
35.3102 18.1228
31.9447 31.2736
29.7969 30.6208
28.7815 31.3121
28.3428 30.1595
28.9964 33.7434
27.3506 34.2339
29.8093 37.0968
28.3375 38.5934
27.1905 38.369
26.4386 -4.85238
26.8563 -3.80674
32.2761 15.3806
36.3619 8.78922
34.5099 11.8478
35.4858 11.0541
35.8199 13.2434
34.9262 13.9486
34.712 12.8776
32.5995 16.6722
32.7467 13.4687
35.5922 19.198
37.3522 18.5991
29.0144 32.351
7.38505 36.534
31.0374 32.3018
29.894 31.703
28.3613 34.5606
31.7352 34.5313
27.4922 35.3469
30.8918 36.9196
29.9872 35.9181
30.6517 34.8898
31.2523 35.8721
39.2524 14.1413
39.6941 9.10651
36.3451 10.1931
37.5051 10.3799
36.5732 11.3616
36.9118 13.5964
34.6006 16.0124
33.7305 16.7603
32.954 14.5921
36.0214 17.2606
15.8606 27.066
28.3154 16.3047
38.5826 18.8472
3.84519 27.2216
28.1207 33.2204
30.8424 31.0714
29.5281 34.8303
28.8154 35.6617
32.1908 32.4322
32.4212 35.6248
34.139 32.0315
33.8465 33.891
37.6521 11.4321
39.6062 10.46
37.3221 9.29694
13.2805 4.22541
36.7602 12.4353
35.2985 15.1678
37.2532 14.6672
34.8171 17.0851
35.6758 16.2032
36.9337 16.424
37.9661 16.697
36.2921 18.338
4.4775 29.263
4.8963 26.9127
4.17761 26.0654
27.0406 33.0893
29.9869 32.765
30.1005 33.9223
31.1666 33.4928
33.3247 32.8179
32.2912 33.5473
33.0018 31.7702
38.532 9.62801
39.8243 11.5664
10.8092 2.38776
11.6258 1.73388
-4.11829 13.1385
39.6486 15.2616
38.5714 14.9223
36.4605 15.4156
37.7045 15.682
37.1347 17.484
38.2987 17.843
38.8536 16.0874
5.30642 30.1519
6.60111 28.4225
4.72458 27.9996
3.64085 28.3592
33.0186 30.5895
2.62614 38.5202
3.74639 37.9827
33.0168 34.6841
34.6009 33.1272
38.5582 10.7916
15.3977 6.35458
11.0435 3.4715
10.107 4.21797
5.12989 0.796178
10.505 1.29056
36.0732 14.4049
34.1996 14.8803
38.6631 11.994
40.2247 17.4535
-1.72894 16.9538
36.6574 20.7115
40.843 15.5114
40.0523 16.3558
5.54681 28.7899
5.76119 27.5975
3.08444 26.342
4.73754 39.7252
5.53026 34.1283
3.67558 39.1863
2.65608 39.648
3.79856 -1.36825
3.70718 40.4038
2.73302 -1.89269
8.13549 4.79519
9.02375 3.92557
5.67181 3.0106
6.19473 1.17092
9.6082 1.96089
37.9819 13.8968
37.7953 12.6111
40.3895 14.2895
-1.48389 18.1841
-2.80432 16.6619
-4.49139 18.2238
38.7724 19.9112
-6.31434 19.6999
6.2542 35.9817
4.96669 35.1415
4.08313 35.821
3.09557 36.1714
4.65527 38.5788
2.66956 40.915
1.53207 41.3586
6.04626 -0.064069
